Time : 00:00:11 saved at 2024-03-25T04:04:30.846671100
Time : 00:00:15 saved at 2024-03-25T04:04:40.213937300
